PS C:\Users\Hp\OneDrive\Desktop\Stackly_Assignments> & c:/python314/python.exe "c:/Users/Hp/OneDrive/Desktop/Stackly_Assignments/Task 3/Session3.py"
1
2
3
4
5
6
7
8
9
10
11
12
13
14
15
16
17
18
19
20
21
22
23
24
25
26
27
28
29
30
31
32
33
34
35
36
37
38
39
40
41
42
43
44
45
46
47
48
49
50
2
4
6
8
10
12
14
16
18
20
22
24
26
28
30
32
34
36
38
40
42
44
46
48
50
52
54
56
58
60
62
64
66
68
70
72
74
76
78
80
82
84
86
88
90
92
94
96
98
100
1
3
5
7
9
11
13
15
17
19
21
23
25
27
29
31
33
35
37
39
41
43
45
47
49
51
53
55
57
59
61
63
65
67
69
71
73
75
77
79
81
83
85
87
89
91
93
95
97
99
 7 x 1 = 7
 7 x 2 = 14
 7 x 3 = 21
 7 x 4 = 28
 7 x 5 = 35
 7 x 6 = 42
 7 x 7 = 49
 7 x 8 = 56
 7 x 9 = 63
 7 x 10 = 70
5050
50
49
48
47
46
45
44
43
42
41
40
39
38
37
36
35
34
33
32
31
30
29
28
27
26
25
24
23
22
21
20
19
18
17
16
15
14
13
12
11
10
9
8
7
6
5
4
3
2
1
33
1
4
9
16
25
36
49
64
81
100
1
8
27
64
125
216
343
512
729
1000
5
0
1
2
3
4
5
0
1
2
3
4
5
6
7
8
9
10
11
12
13
14
15
16
17
18
19
20
6
720
4321
3
Enter something: hahaha
Enter something: play
Enter something: pause
Enter something: stop
User entered 'stop', loop exited
1
12
123
1234
1 x 1 = 1
1 x 2 = 2
1 x 3 = 3
1 x 4 = 4
1 x 5 = 5
1 x 6 = 6
1 x 7 = 7
1 x 8 = 8
1 x 9 = 9
1 x 10 = 10

2 x 1 = 2
2 x 2 = 4
2 x 3 = 6
2 x 4 = 8
2 x 5 = 10
2 x 6 = 12
2 x 7 = 14
2 x 8 = 16
2 x 9 = 18
2 x 10 = 20

3 x 1 = 3
3 x 2 = 6
3 x 3 = 9
3 x 4 = 12
3 x 5 = 15
3 x 6 = 18
3 x 7 = 21
3 x 8 = 24
3 x 9 = 27
3 x 10 = 30

4 x 1 = 4
4 x 2 = 8
4 x 3 = 12
4 x 4 = 16
4 x 5 = 20
4 x 6 = 24
4 x 7 = 28
4 x 8 = 32
4 x 9 = 36
4 x 10 = 40

5 x 1 = 5
5 x 2 = 10
5 x 3 = 15
5 x 4 = 20
5 x 5 = 25
5 x 6 = 30
5 x 7 = 35
5 x 8 = 40
5 x 9 = 45
5 x 10 = 50

1 2 3 
4 5 6
7 8 9
7
4
12
ylkcats
Is ylkcats a palindrome : False
stack
kly
ylkcats
saky
tackl
150
50
10
5
True
False
[10, 20, 30, 40, 50, 60, 70, 80]
[10, 20, 25, 30, 40, 50]
['b', 'c', 'd']
['d', 'c', 'b', 'a']
[1, 2, 3, 4, 5, 6, 7, 8, 9]
